2607,1,6.699999999999992
2651,1,6.399999999999993
2721,1,6.499999999999993
2793,1,6.299999999999994
2805,1,6.099999999999994
2817,1,6.199999999999994
2824,1,6.399999999999993
2833,1,6.499999999999993
2835,1,6.399999999999993
2836,1,6.499999999999993
2850,1,5.999999999999995
2867,1,6.099999999999994
2886,1,6.399999999999993
2890,1,6.299999999999994
2904,1,6.299999999999994
2919,1,6.099999999999994
2936,1,6.299999999999994
2952,1,6.299999999999994
2965,1,6.299999999999994
2977,1,6.299999999999994
2981,1,6.299999999999994
3006,1,6.199999999999994
3010,1,6.099999999999994
3013,1,6.299999999999994
3026,1,6.099999999999994
3036,1,6.399999999999993
3068,1,6.099999999999994
3084,1,6.099999999999994
3091,1,6.099999999999994
3106,1,6.299999999999994
3119,1,6.299999999999994
3130,1,6.299999999999994
3138,1,6.199999999999994
3143,1,6.299999999999994
3164,1,6.299999999999994
3186,1,6.199999999999994
3198,1,6.099999999999994
3217,1,6.099999999999994
3218,1,6.099999999999994
3220,1,5.999999999999995
3223,1,6.099999999999994
3225,1,6.199999999999994
3231,1,5.999999999999995
3232,1,6.099999999999994
3241,1,5.999999999999995
3243,1,6.099999999999994
3244,1,5.999999999999995
3247,1,6.199999999999994
3252,1,6.099999999999994
3258,1,6.099999999999994
3259,1,5.999999999999995
3263,1,6.399999999999993
3294,1,5.999999999999995
3301,1,5.999999999999995
3303,1,5.999999999999995
3309,1,5.999999999999995
3316,1,5.999999999999995
3322,1,6.099999999999994
3330,1,6.199999999999994
3344,1,5.999999999999995
3363,1,5.999999999999995
3366,1,6.099999999999994
3391,1,5.999999999999995
3392,1,6.099999999999994
3393,1,5.999999999999995
3403,1,6.099999999999994
3414,1,5.999999999999995
3418,1,6.099999999999994
3441,1,5.999999999999995
3453,1,8.399999999999986
3462,1,5.999999999999995
3467,1,6.099999999999994
3471,1,5.999999999999995
3589,1,8.999999999999984
3604,1,5.999999999999995
3638,1,6.099999999999994
3663,1,5.999999999999995
3673,1,6.099999999999994
3691,1,8.899999999999984
3751,1,8.399999999999986
3759,1,5.999999999999995
3770,1,6.199999999999994
3771,1,8.399999999999986
3778,1,6.099999999999994
3802,1,5.999999999999995
3808,1,8.399999999999986
3812,1,5.999999999999995
3814,1,9.199999999999983
3822,1,8.399999999999986
3838,1,5.999999999999995
3853,1,9.399999999999983
3854,1,8.399999999999986
3855,1,5.999999999999995
3858,1,5.999999999999995
3877,1,8.399999999999986
3884,1,6.099999999999994
3894,1,9.299999999999983
3898,1,8.399999999999986
3901,1,8.399999999999986
3902,1,9.099999999999984
3911,1,8.399999999999986
3912,1,9.299999999999983
3917,1,8.399999999999986
3932,1,8.399999999999986
3936,1,8.999999999999984
3937,1,8.399999999999986
3943,1,8.399999999999986
3949,1,6.099999999999994
3950,1,6.099999999999994
3954,1,5.999999999999995
3960,1,8.999999999999984
3974,2,12.999999999999973
3976,1,8.399999999999986
3977,1,9.099999999999984
3978,1,8.399999999999986
3979,1,8.399999999999986
3983,1,8.799999999999985
3998,1,8.399999999999986
4001,1,5.999999999999995
4003,1,9.299999999999983
4008,1,8.399999999999986
4009,1,8.399999999999986
4011,1,8.899999999999984
4016,1,8.399999999999986
4017,1,8.399999999999986
4021,2,12.999999999999973
4022,1,9.299999999999983
4025,1,8.399999999999986
4026,1,8.399999999999986
4028,1,8.899999999999984
4034,1,8.899999999999984
4039,1,8.399999999999986
4044,1,8.399999999999986
4045,1,8.999999999999984
4047,1,9.399999999999983
4059,1,8.399999999999986
4061,1,5.999999999999995
4065,1,8.399999999999986
4067,1,6.099999999999994
4068,1,8.399999999999986
4073,1,9.299999999999983
4074,1,8.399999999999986
4076,1,9.099999999999984
4077,1,8.399999999999986
4081,1,9.299999999999983
4084,1,9.099999999999984
4093,1,9.099999999999984
4096,1,9.099999999999984
4098,1,5.999999999999995
4100,1,8.899999999999984
4108,1,8.399999999999986
4109,1,9.099999999999984
4110,1,9.099999999999984
4113,1,8.999999999999984
4115,1,9.199999999999983
4117,1,8.399999999999986
4131,1,9.399999999999983
4134,1,9.299999999999983
4140,1,9.299999999999983
4141,1,8.999999999999984
4142,2,12.999999999999973
4145,1,8.399999999999986
4146,1,9.399999999999983
4148,1,8.999999999999984
4152,2,13.099999999999973
4155,1,9.399999999999983
4160,2,10.89999999999998
4165,1,8.299999999999986
4167,2,13.79999999999997
4171,1,8.599999999999985
4173,1,8.799999999999985
4175,1,8.399999999999986
4176,1,8.599999999999985
4178,1,8.399999999999986
4179,1,8.799999999999985
4182,2,12.999999999999973
4183,1,9.099999999999984
4185,2,14.09999999999997
4186,1,8.499999999999986
4189,2,11.29999999999998
4194,2,10.99999999999998
4195,1,6.099999999999994
4197,3,18.30000000000001
4198,3,15.599999999999973
4199,1,5.999999999999995
4200,2,10.99999999999998
4201,2,10.99999999999998
4202,1,8.399999999999986
4203,1,8.399999999999986
4205,1,6.099999999999994
4207,1,9.199999999999983
4208,1,8.399999999999986
4210,1,6.099999999999994
4211,1,8.399999999999986
4212,1,9.399999999999983
4220,1,8.399999999999986
4221,3,15.199999999999967
4224,2,10.89999999999998
4225,1,8.399999999999986
4226,1,6.399999999999993
4229,2,11.09999999999998
4231,2,10.89999999999998
4236,1,8.399999999999986
4240,1,6.099999999999994
4244,2,10.699999999999982
4245,1,8.899999999999984
4250,1,8.399999999999986
4254,1,8.399999999999986
4255,1,8.399999999999986
4257,1,8.299999999999986
4259,1,8.399999999999986
4262,1,8.399999999999986
4263,1,8.399999999999986
4265,1,8.399999999999986
4266,2,10.699999999999982
4267,1,6.199999999999994
4272,1,8.399999999999986
4279,2,10.799999999999981
4280,2,10.89999999999998
4281,1,8.399999999999986
4283,2,10.799999999999981
4284,1,8.399999999999986
4285,1,8.399999999999986
4288,1,8.399999999999986
4289,1,8.299999999999986
4296,2,10.99999999999998
4297,2,10.799999999999981
4298,1,8.399999999999986
4304,3,17.6
4305,1,6.099999999999994
4306,2,10.699999999999982
4307,1,8.399999999999986
4308,1,8.399999999999986
4312,1,8.399999999999986
4314,1,8.399999999999986
4316,3,15.999999999999979
4318,1,8.399999999999986
4323,1,6.099999999999994
4324,1,8.399999999999986
4325,1,9.099999999999984
4327,2,10.89999999999998
4329,1,8.399999999999986
4330,1,8.399999999999986
4332,2,10.599999999999982
4333,2,10.89999999999998
4335,1,8.399999999999986
4338,1,8.499999999999986
4339,1,6.099999999999994
4341,1,6.099999999999994
4343,1,8.399999999999986
4345,1,6.099999999999994
4346,1,6.299999999999994
4348,1,6.799999999999992
4349,1,8.399999999999986
4350,1,8.399999999999986
4354,2,10.89999999999998
4358,1,8.399999999999986
4361,1,8.499999999999986
4364,1,6.099999999999994
4368,2,10.599999999999982
4369,2,10.799999999999981
4370,2,10.99999999999998
4371,1,6.099999999999994
4372,2,13.199999999999973
4373,1,6.099999999999994
4378,1,6.399999999999993
4384,1,8.299999999999986
4385,1,8.999999999999984
4387,1,9.099999999999984
4390,1,6.199999999999994
4393,1,8.399999999999986
4394,1,6.799999999999992
4396,1,6.099999999999994
4397,1,5.999999999999995
4398,1,5.999999999999995
4400,1,6.399999999999993
4401,1,6.199999999999994
4402,1,8.399999999999986
4403,1,6.399999999999993
4404,1,8.399999999999986
4405,1,8.399999999999986
4407,1,6.399999999999993
4411,1,8.599999999999985
4414,1,8.599999999999985
4416,3,15.599999999999973
4418,1,6.399999999999993
4420,1,6.299999999999994
4421,1,6.799999999999992
4422,1,8.399999999999986
4426,1,8.399999999999986
4428,1,6.099999999999994
4430,1,6.799999999999992
4431,1,8.399999999999986
4432,1,8.399999999999986
4433,1,8.499999999999986
4434,1,5.999999999999995
4436,1,8.399999999999986
4439,1,8.399999999999986
4443,2,10.599999999999982
4444,2,10.699999999999982
4445,1,8.599999999999985
4446,1,8.699999999999985
4447,1,8.499999999999986
4448,2,12.899999999999974
4449,2,10.799999999999981
4450,1,9.099999999999984
4452,2,10.699999999999982
4454,1,6.299999999999994
4455,1,6.199999999999994
4457,1,8.399999999999986
4461,2,10.799999999999981
4462,1,6.299999999999994
4463,1,5.999999999999995
4465,1,8.499999999999986
4468,2,10.799999999999981
4469,1,8.499999999999986
4471,1,6.199999999999994
4474,1,6.699999999999992
4477,2,10.99999999999998
4480,1,6.199999999999994
4482,2,10.499999999999982
4486,1,6.399999999999993
4487,2,10.89999999999998
4489,1,8.499999999999986
4490,2,10.699999999999982
4492,2,10.499999999999982
4493,1,6.499999999999993
4494,1,8.399999999999986
4497,1,8.599999999999985
4499,1,8.399999999999986
4500,1,6.799999999999992
4502,1,6.199999999999994
4505,2,10.599999999999982
4510,1,6.099999999999994
4511,1,6.499999999999993
4512,3,15.299999999999969
4513,1,6.199999999999994
4514,2,10.99999999999998
4515,1,6.299999999999994
4519,1,8.399999999999986
4520,1,8.499999999999986
4522,1,9.099999999999984
4523,1,8.499999999999986
4525,1,8.599999999999985
4526,2,10.699999999999982
4527,1,6.399999999999993
4530,1,8.399999999999986
4535,1,8.399999999999986
4536,1,6.299999999999994
4538,1,6.199999999999994
4540,1,8.399999999999986
4541,1,6.199999999999994
4542,2,10.599999999999982
4543,1,6.199999999999994
4544,1,6.299999999999994
4546,1,6.199999999999994
4547,1,8.399999999999986
4548,2,10.89999999999998
4549,2,10.699999999999982
4551,1,6.299999999999994
4552,2,11.09999999999998
4557,2,10.599999999999982
4558,1,8.399999999999986
4559,1,8.399999999999986
4560,2,10.799999999999981
4561,2,10.699999999999982
4562,1,8.499999999999986
4563,2,10.599999999999982
4570,1,8.399999999999986
4571,2,10.599999999999982
4574,2,10.699999999999982
4576,1,8.499999999999986
4581,1,6.299999999999994
4582,1,6.199999999999994
4583,2,10.99999999999998
4586,1,8.699999999999985
4587,2,13.99999999999997
4589,1,8.399999999999986
4590,1,6.199999999999994
4592,2,10.699999999999982
4593,1,8.399999999999986
4594,1,9.399999999999983
4597,2,10.99999999999998
4598,1,8.699999999999985
4599,1,8.399999999999986
4601,4,23.300000000000068
4602,1,6.499999999999993
4604,1,8.399999999999986
4605,1,6.299999999999994
4606,1,6.199999999999994
4607,1,6.399999999999993
4609,1,8.599999999999985
4610,1,6.199999999999994
4614,1,6.299999999999994
4615,1,5.999999999999995
4617,1,8.499999999999986
4619,2,10.599999999999982
4620,1,6.299999999999994
4621,1,6.099999999999994
4624,1,8.399999999999986
4628,1,6.299999999999994
4629,1,8.599999999999985
4631,1,5.999999999999995
4633,2,10.599999999999982
4634,1,8.499999999999986
4639,1,8.399999999999986
4640,1,8.399999999999986
4641,1,8.599999999999985
4643,1,6.199999999999994
4647,2,10.699999999999982
4649,2,14.09999999999997
4650,1,8.499999999999986
4651,1,8.399999999999986
4653,2,12.999999999999973
4655,1,8.399999999999986
4658,1,6.099999999999994
4659,1,9.499999999999982
4660,2,10.499999999999982
4663,1,9.399999999999983
4670,2,12.999999999999973
4671,2,10.499999999999982
4673,1,6.099999999999994
4676,2,10.89999999999998
4678,1,9.399999999999983
4682,2,10.99999999999998
4683,1,9.399999999999983
4686,1,6.399999999999993
4688,2,13.299999999999972
4689,1,8.499999999999986
4690,2,10.599999999999982
4692,2,10.799999999999981
4693,1,6.199999999999994
4694,1,9.399999999999983
4695,2,10.799999999999981
4696,1,8.499999999999986
4700,2,10.699999999999982
4701,1,8.499999999999986
4702,1,8.399999999999986
4704,2,14.09999999999997
4706,2,13.199999999999973
4709,1,8.799999999999985
4711,1,6.199999999999994
4715,1,8.399999999999986
4721,2,10.699999999999982
4722,1,8.699999999999985
4725,1,5.999999999999995
4726,1,6.199999999999994
4728,1,8.399999999999986
4730,1,8.499999999999986
4731,1,8.399999999999986
4734,1,8.399999999999986
4736,1,8.399999999999986
4737,2,10.799999999999981
4738,2,10.499999999999982
4742,1,8.499999999999986
4743,2,10.799999999999981
4745,2,10.599999999999982
4748,2,14.09999999999997
4752,2,12.999999999999973
4754,1,9.399999999999983
4756,2,10.99999999999998
4759,1,6.499999999999993
4760,1,6.699999999999992
4761,2,10.799999999999981
4762,1,8.499999999999986
4766,1,6.099999999999994
4767,1,8.399999999999986
4775,1,6.799999999999992
4776,2,13.099999999999973
4778,1,8.399999999999986
4781,3,15.39999999999997
4784,2,13.299999999999972
4785,2,13.499999999999972
4787,1,6.299999999999994
4788,1,8.899999999999984
4789,2,12.999999999999973
4791,1,8.399999999999986
4797,1,8.499999999999986
4798,1,9.499999999999982
4799,2,10.799999999999981
4800,1,8.599999999999985
4802,1,8.799999999999985
4805,2,11.09999999999998
4806,1,8.399999999999986
4807,1,8.399999999999986
4809,1,6.299999999999994
4811,1,8.499999999999986
4812,2,10.699999999999982
4814,1,8.399999999999986
4815,4,20.00000000000002
4816,1,6.199999999999994
4817,1,6.399999999999993
4818,1,9.299999999999983
4819,1,6.099999999999994
4823,2,13.299999999999972
4825,1,8.499999999999986
4826,1,8.899999999999984
4829,1,8.499999999999986
4830,1,8.399999999999986
4831,1,8.599999999999985
4832,1,5.999999999999995
4834,1,6.299999999999994
4836,2,12.999999999999973
4838,1,8.499999999999986
4839,2,11.09999999999998
4842,2,13.399999999999972
4850,1,9.299999999999983
4851,1,6.099999999999994
4853,1,9.399999999999983
4854,1,6.299999999999994
4855,2,10.499999999999982
4856,2,14.199999999999969
4857,1,6.199999999999994
4858,2,10.799999999999981
4859,1,6.299999999999994
4862,2,10.499999999999982
4866,1,6.799999999999992
4868,1,8.999999999999984
4869,1,6.199999999999994
4870,1,6.499999999999993
4871,1,8.899999999999984
4872,1,6.399999999999993
4874,1,6.5999999999999925
4876,1,6.199999999999994
4881,1,8.999999999999984
4883,1,6.399999999999993
4884,2,12.999999999999973
4885,2,10.89999999999998
4887,1,6.299999999999994
4889,1,8.799999999999985
4892,2,13.69999999999997
4895,2,10.499999999999982
4896,2,13.199999999999973
4897,3,17.700000000000003
4898,1,6.399999999999993
4901,1,8.799999999999985
4903,1,8.599999999999985
4904,2,10.99999999999998
4905,2,12.999999999999973
4906,1,6.299999999999994
4907,1,6.099999999999994
4908,1,8.499999999999986
4909,3,15.599999999999973
4911,1,6.199999999999994
4912,3,15.39999999999997
4920,1,8.499999999999986
4921,3,15.499999999999972
4925,3,15.999999999999979
4927,3,15.599999999999973
4928,3,18.20000000000001
4930,1,6.299999999999994
4931,2,13.599999999999971
4933,2,13.199999999999973
4934,1,6.299999999999994
4935,1,8.599999999999985
4937,1,8.699999999999985
4938,2,12.999999999999973
4939,1,8.499999999999986
4940,1,9.499999999999982
4947,1,8.999999999999984
4948,2,10.799999999999981
4950,1,8.399999999999986
4952,3,18.10000000000001
4953,1,8.999999999999984
4954,1,6.5999999999999925
4955,1,9.299999999999983
4956,1,8.599999999999985
4958,2,13.79999999999997
4959,2,12.999999999999973
4961,2,11.19999999999998
4962,2,10.699999999999982
4964,1,8.699999999999985
4965,1,8.599999999999985
4967,1,8.999999999999984
4969,2,13.099999999999973
4971,1,8.999999999999984
4973,2,13.199999999999973
4975,1,8.899999999999984
4977,2,13.299999999999972
4980,1,8.999999999999984
4981,2,13.199999999999973
4982,1,9.199999999999983
4984,1,6.199999999999994
4986,1,8.999999999999984
4987,1,8.599999999999985
4989,1,8.599999999999985
4991,2,13.299999999999972
4993,2,13.299999999999972
4994,1,8.599999999999985
4995,1,8.699999999999985
4998,2,10.799999999999981
4999,2,13.89999999999997
5001,1,8.499999999999986
5002,1,8.799999999999985
5004,1,6.199999999999994
5005,2,10.599999999999982
5007,1,8.899999999999984
5008,1,8.499999999999986
5010,1,9.399999999999983
5013,2,13.89999999999997
5015,1,8.499999999999986
5016,2,13.199999999999973
5018,2,13.299999999999972
5019,1,8.799999999999985
5020,1,8.599999999999985
5021,1,8.999999999999984
5024,1,8.899999999999984
5025,3,18.20000000000001
5026,1,8.699999999999985
5027,2,10.799999999999981
5033,1,9.399999999999983
5034,2,13.499999999999972
5035,2,13.399999999999972
5037,5,27.20000000000011
5038,1,8.699999999999985
5039,1,6.099999999999994
5041,1,8.699999999999985
5042,2,13.599999999999971
5043,2,13.399999999999972
5044,1,8.699999999999985
5046,1,8.799999999999985
5048,1,8.599999999999985
5051,3,17.900000000000006
5052,1,6.199999999999994
5056,1,5.999999999999995
5057,1,8.599999999999985
5058,2,13.199999999999973
5059,2,13.399999999999972
5061,1,8.899999999999984
5062,1,8.799999999999985
5064,3,18.000000000000007
5065,7,37.00000000000022
5066,2,13.499999999999972
5067,1,6.499999999999993
5069,1,8.399999999999986
5070,2,13.399999999999972
5072,1,8.899999999999984
5075,1,8.699999999999985
5076,3,18.000000000000007
5077,2,10.599999999999982
5078,1,8.799999999999985
5080,1,8.399999999999986
5081,2,13.79999999999997
5082,2,10.799999999999981
5084,1,8.599999999999985
5085,1,8.699999999999985
5090,2,13.399999999999972
5092,1,6.399999999999993
5094,1,6.099999999999994
5096,1,6.399999999999993
5097,2,13.499999999999972
5099,2,13.499999999999972
5100,1,6.199999999999994
5101,1,6.199999999999994
5102,2,10.499999999999982
5105,1,8.799999999999985
5106,1,8.899999999999984
5107,1,6.399999999999993
5108,2,13.599999999999971
5109,2,10.499999999999982
5112,2,13.399999999999972
5114,2,10.89999999999998
5115,1,9.099999999999984
5116,2,10.599999999999982
5117,2,13.499999999999972
5118,2,13.79999999999997
5119,1,8.599999999999985
5120,1,8.699999999999985
5121,1,6.099999999999994
5122,1,8.399999999999986
5123,1,8.799999999999985
5124,1,8.799999999999985
5126,1,6.299999999999994
5127,3,15.499999999999972
5129,1,8.999999999999984
5130,1,8.599999999999985
5131,4,22.70000000000006
5132,1,5.999999999999995
5136,1,6.499999999999993
5138,1,5.999999999999995
5140,1,6.399999999999993
5142,2,13.499999999999972
5143,2,13.599999999999971
5144,3,18.20000000000001
5145,1,8.499999999999986
5146,1,6.199999999999994
5148,2,13.79999999999997
5149,1,9.299999999999983
5150,3,18.30000000000001
5151,1,6.199999999999994
5153,1,6.399999999999993
5154,1,6.199999999999994
5156,1,6.099999999999994
5160,1,6.199999999999994
5161,1,9.299999999999983
5163,2,13.099999999999973
5167,7,36.700000000000216
5168,2,13.499999999999972
5170,1,8.399999999999986
5171,1,6.199999999999994
5172,1,8.399999999999986
5175,4,23.100000000000065
5176,1,6.399999999999993
5177,1,6.199999999999994
5178,2,13.69999999999997
5181,1,9.099999999999984
5182,1,8.399999999999986
5184,1,9.299999999999983
5185,3,18.500000000000014
5186,2,13.79999999999997
5187,1,6.099999999999994
5189,2,13.69999999999997
5192,1,8.899999999999984
5195,1,8.399999999999986
5196,2,13.69999999999997
5198,1,9.399999999999983
5199,1,9.399999999999983
5200,1,9.399999999999983
5201,1,8.399999999999986
5203,1,9.299999999999983
5205,1,8.399999999999986
5206,1,6.099999999999994
5207,1,6.199999999999994
5208,1,6.199999999999994
5210,1,9.299999999999983
5214,3,17.5
5215,1,6.199999999999994
5216,1,9.199999999999983
5218,2,10.799999999999981
5220,4,20.00000000000002
5221,1,6.299999999999994
5224,1,6.399999999999993
5225,1,9.099999999999984
5227,6,31.400000000000155
5228,2,12.999999999999973
5229,2,12.999999999999973
5231,3,18.500000000000014
5233,2,12.999999999999973
5235,1,8.399999999999986
5236,1,8.399999999999986
5238,1,6.099999999999994
5239,1,8.399999999999986
5240,2,10.599999999999982
5242,1,6.199999999999994
5244,1,8.399999999999986
5245,1,8.399999999999986
5246,1,9.399999999999983
5248,2,13.79999999999997
5251,2,13.099999999999973
5252,6,31.400000000000155
5253,2,13.399999999999972
5254,1,6.299999999999994
5258,1,9.199999999999983
5259,1,9.299999999999983
5261,2,12.999999999999973
5262,1,9.299999999999983
5263,1,6.399999999999993
5265,2,12.999999999999973
5266,2,13.099999999999973
5267,1,8.399999999999986
5269,3,17.6
5270,7,35.900000000000205
5271,2,13.69999999999997
5273,1,8.999999999999984
5274,5,26.700000000000102
5276,1,8.399999999999986
5277,2,13.099999999999973
5278,2,12.999999999999973
5279,3,15.599999999999973
5281,3,17.5
5282,1,6.199999999999994
5283,1,6.399999999999993
5288,3,17.6
5289,1,6.299999999999994
5290,1,6.299999999999994
5291,1,8.399999999999986
5292,1,6.399999999999993
5293,4,22.200000000000053
5294,1,6.099999999999994
5295,1,8.899999999999984
5298,1,6.199999999999994
5299,5,24.50000000000007
5300,1,8.999999999999984
5301,1,6.399999999999993
5303,1,6.399999999999993
5305,4,22.200000000000053
5306,3,17.5
5307,7,34.00000000000018
5308,4,22.300000000000054
5309,3,15.599999999999973
5311,1,6.099999999999994
5312,1,9.299999999999983
5313,1,6.499999999999993
5315,1,8.399999999999986
5316,2,13.099999999999973
5317,1,8.499999999999986
5318,1,8.399999999999986
5319,2,13.89999999999997
5320,1,9.099999999999984
5321,1,6.399999999999993
5322,1,8.399999999999986
5323,1,8.399999999999986
5324,1,6.299999999999994
5325,1,8.399999999999986
5326,1,6.499999999999993
5327,7,33.900000000000176
5328,1,6.399999999999993
5329,1,6.399999999999993
5330,3,15.39999999999997
5331,2,13.399999999999972
5333,1,5.999999999999995
5334,1,6.099999999999994
5335,1,6.399999999999993
5340,1,6.099999999999994
5341,1,6.199999999999994
5342,3,17.5
5344,3,18.400000000000013
5345,3,18.20000000000001
5346,2,12.999999999999973
5348,1,6.299999999999994
5350,1,6.299999999999994
5351,1,9.299999999999983
5353,1,5.999999999999995
5354,1,9.299999999999983
5355,1,9.299999999999983
5356,4,22.200000000000053
5357,2,12.999999999999973
5358,1,6.499999999999993
5359,1,6.399999999999993
5361,3,17.5
5362,1,9.299999999999983
5363,2,13.79999999999997
5365,3,15.39999999999997
5366,1,9.399999999999983
5367,1,8.399999999999986
5368,1,9.499999999999982
5370,3,18.500000000000014
5371,1,9.299999999999983
5373,1,8.399999999999986
5374,1,9.199999999999983
5375,1,6.299999999999994
5377,1,6.199999999999994
5378,3,18.500000000000014
5380,1,8.499999999999986
5381,1,8.399999999999986
5382,3,15.39999999999997
5383,12,59.00000000000046
5384,4,22.200000000000053
5385,3,17.6
5386,2,13.099999999999973
5387,6,32.30000000000017
5388,6,32.40000000000017
5389,1,5.999999999999995
5391,1,6.099999999999994
5392,2,12.999999999999973
5393,1,6.399999999999993
5394,3,15.39999999999997
5395,2,13.099999999999973
5396,1,6.299999999999994
5397,2,13.79999999999997
5398,1,9.299999999999983
5399,1,8.399999999999986
5400,4,22.70000000000006
5402,2,12.999999999999973
5403,1,5.999999999999995
5404,4,20.200000000000024
5405,1,9.299999999999983
5406,6,32.60000000000017
5407,2,12.999999999999973
5408,1,8.399999999999986
5409,2,13.599999999999971
5411,3,18.400000000000013
5413,5,27.400000000000112
5414,2,14.09999999999997
5415,13,64.20000000000043
5416,4,22.70000000000006
5418,6,32.60000000000017
5419,2,13.79999999999997
5420,6,29.300000000000125
5421,6,32.30000000000017
5422,1,5.999999999999995
5423,5,24.600000000000072
5424,4,23.000000000000064
5425,2,12.999999999999973
5426,1,5.999999999999995
5428,3,15.39999999999997
5429,3,15.199999999999967
5430,7,36.20000000000021
5431,4,23.100000000000065
5432,1,6.199999999999994
5433,10,50.30000000000037
5435,1,6.399999999999993
5436,1,6.399999999999993
5437,4,19.80000000000002
5438,3,15.899999999999977
5439,3,15.799999999999976
5440,3,15.199999999999967
5441,2,13.69999999999997
5442,1,9.199999999999983
5443,1,6.099999999999994
5444,4,22.300000000000054
5445,3,15.499999999999972
5447,1,8.399999999999986
5448,1,9.199999999999983
5449,2,10.799999999999981
5450,3,18.30000000000001
5451,1,6.799999999999992
5452,2,12.999999999999973
5453,6,28.90000000000012
5455,2,10.499999999999982
5456,4,22.900000000000063
5457,4,22.900000000000063
5458,1,6.399999999999993
5459,1,6.699999999999992
5460,2,10.699999999999982
5461,1,9.199999999999983
5462,4,20.50000000000003
5463,1,8.499999999999986
5464,3,15.199999999999967
5465,3,15.299999999999969
5466,6,29.60000000000013
5467,3,15.199999999999967
5468,5,27.400000000000112
5469,3,18.30000000000001
5471,5,24.800000000000075
5472,3,18.30000000000001
5473,3,18.20000000000001
5474,1,6.699999999999992
5475,4,19.700000000000017
5476,1,9.099999999999984
5477,1,9.199999999999983
5479,3,15.299999999999969
5480,1,9.199999999999983
5481,5,25.20000000000008
5483,4,23.000000000000064
5484,1,9.099999999999984
5485,3,18.400000000000013
5486,3,15.499999999999972
5488,1,8.499999999999986
5489,1,9.199999999999983
5490,1,9.099999999999984
5491,1,8.999999999999984
5492,1,9.099999999999984
5494,1,6.299999999999994
5495,5,24.40000000000007
5496,1,8.899999999999984
5497,1,6.799999999999992
5498,1,8.899999999999984
5499,2,10.499999999999982
5500,6,32.200000000000166
5501,5,24.40000000000007
5502,3,15.39999999999997
5503,11,52.20000000000038
5504,3,15.799999999999976
5505,1,6.199999999999994
5507,4,23.200000000000067
5508,1,9.199999999999983
5509,3,17.5
5510,1,9.199999999999983
5511,10,50.70000000000037
5512,3,18.20000000000001
5513,5,24.800000000000075
5514,3,15.299999999999969
5515,1,6.499999999999993
5516,2,11.09999999999998
5517,7,34.20000000000018
5519,2,10.499999999999982
5520,2,13.89999999999997
5521,1,9.199999999999983
5522,5,27.500000000000114
5523,4,22.60000000000006
5525,1,9.099999999999984
5527,3,15.199999999999967
5529,1,5.999999999999995
5530,4,19.90000000000002
5533,7,33.60000000000017
5534,3,15.199999999999967
5535,1,9.199999999999983
5536,1,6.5999999999999925
5537,3,15.199999999999967
5538,1,5.999999999999995
5540,2,11.19999999999998
5541,1,5.999999999999995
5542,1,5.999999999999995
5543,1,6.199999999999994
5545,1,9.199999999999983
5546,1,5.999999999999995
5548,1,9.299999999999983
5550,3,18.20000000000001
5551,1,6.799999999999992
5552,6,31.600000000000158
5553,1,9.299999999999983
5554,1,8.399999999999986
5555,2,10.99999999999998
5557,8,41.70000000000027
5558,3,15.39999999999997
5560,2,10.599999999999982
5561,1,6.5999999999999925
5562,1,6.099999999999994
5564,5,24.800000000000075
5567,3,15.299999999999969
5568,1,9.299999999999983
5569,3,15.299999999999969
5570,3,18.700000000000017
5571,2,10.699999999999982
5572,1,6.299999999999994
5575,6,31.80000000000016
5576,6,31.80000000000016
5578,1,6.199999999999994
5579,4,20.00000000000002
5580,1,6.099999999999994
5581,1,6.499999999999993
5582,1,9.399999999999983
5583,2,10.89999999999998
5584,1,6.199999999999994
5585,2,11.29999999999998
5586,1,6.399999999999993
5587,3,15.39999999999997
5588,2,13.89999999999997
5589,3,18.400000000000013
5590,8,41.70000000000027
5591,1,6.099999999999994
5593,1,5.999999999999995
5594,4,22.70000000000006
5595,1,6.799999999999992
5596,2,11.09999999999998
5597,3,18.400000000000013
5598,3,15.199999999999967
5599,2,13.89999999999997
5600,1,5.999999999999995
5602,2,14.09999999999997
5603,1,8.999999999999984
5604,1,6.099999999999994
5605,1,6.199999999999994
5606,2,13.399999999999972
5607,1,8.699999999999985
5608,2,13.499999999999972
5609,2,10.89999999999998
5610,1,6.199999999999994
5611,1,5.999999999999995
5612,4,20.00000000000002
5613,1,6.099999999999994
5614,1,6.799999999999992
5615,1,5.999999999999995
5616,2,10.89999999999998
5617,1,6.299999999999994
5618,6,32.40000000000017
5619,3,18.700000000000017
5620,1,6.299999999999994
5622,1,6.699999999999992
5624,1,8.999999999999984
5626,1,6.299999999999994
5627,1,9.199999999999983
5629,2,10.99999999999998
5630,8,40.80000000000026
5631,2,13.99999999999997
5632,6,29.70000000000013
5633,5,27.600000000000115
5634,3,15.599999999999973
5635,3,18.20000000000001
5636,3,17.800000000000004
5637,4,20.200000000000024
5638,4,23.100000000000065
5639,2,13.99999999999997
5640,5,24.50000000000007
5642,1,6.099999999999994
5643,1,6.299999999999994
5645,1,6.699999999999992
5646,1,8.499999999999986
5647,4,20.100000000000023
5648,4,20.400000000000027
5649,7,33.900000000000176
5652,1,8.999999999999984
5653,4,20.50000000000003
5654,1,8.499999999999986
5655,1,9.399999999999983
5656,5,24.800000000000075
5657,1,6.5999999999999925
5658,4,20.100000000000023
5661,1,5.999999999999995
5662,1,6.199999999999994
5663,3,15.299999999999969
5664,3,15.199999999999967
5665,1,8.999999999999984
5666,1,6.199999999999994
5668,3,15.39999999999997
5669,1,9.499999999999982
5670,1,5.999999999999995
5673,2,13.299999999999972
5674,1,6.199999999999994
5675,2,10.699999999999982
5676,6,31.600000000000158
5677,1,9.199999999999983
5679,7,36.10000000000021
5681,1,8.999999999999984
5682,9,45.30000000000031
5683,7,36.600000000000215
5684,1,8.499999999999986
5685,1,6.699999999999992
5687,2,10.89999999999998
5688,2,10.499999999999982
5689,1,6.699999999999992
5690,1,8.499999999999986
5691,4,23.200000000000067
5692,1,6.799999999999992
5693,2,13.199999999999973
5694,11,52.70000000000039
5695,7,34.30000000000018
5696,4,22.400000000000055
5697,3,18.500000000000014
5699,1,8.699999999999985
5700,5,27.000000000000107
5702,7,36.600000000000215
5704,5,24.50000000000007
5705,2,13.89999999999997
5706,2,10.89999999999998
5708,1,9.399999999999983
5712,1,9.399999999999983
5713,10,50.00000000000036
5715,2,11.09999999999998
5716,4,22.60000000000006
5719,2,13.89999999999997
5720,2,10.699999999999982
5722,2,11.09999999999998
5723,5,27.000000000000107
5726,2,11.09999999999998
5727,2,13.599999999999971
5728,3,18.700000000000017
5729,2,13.99999999999997
5730,1,9.299999999999983
5731,2,10.99999999999998
5732,1,8.599999999999985
5733,2,10.499999999999982
5735,9,45.600000000000314
5739,11,54.800000000000416
5740,7,33.60000000000017
5742,8,40.90000000000026
5743,2,13.099999999999973
5745,4,23.100000000000065
5746,2,13.499999999999972
5750,1,8.599999999999985
5751,3,17.900000000000006
5752,2,13.399999999999972
5753,4,20.00000000000002
5754,1,8.999999999999984
5755,5,27.20000000000011
5756,2,13.89999999999997
5757,6,31.70000000000016
5758,1,8.799999999999985
5759,1,8.599999999999985
5761,2,13.69999999999997
5762,5,27.700000000000117
5763,11,54.50000000000041
5764,3,15.199999999999967
5765,2,13.199999999999973
5766,2,13.89999999999997
5767,1,9.199999999999983
5768,1,6.499999999999993
5770,9,43.00000000000028
5772,9,43.30000000000028
5774,1,9.199999999999983
5775,2,13.399999999999972
5776,1,6.499999999999993
5777,5,26.900000000000105
5779,6,31.600000000000158
5781,3,18.600000000000016
5783,1,6.499999999999993
5784,4,22.400000000000055
5785,2,13.99999999999997
5786,3,18.10000000000001
5788,6,31.600000000000158
5789,2,10.89999999999998
5790,6,31.600000000000158
5791,9,46.00000000000032
5792,4,20.100000000000023
5793,3,17.800000000000004
5795,7,36.30000000000021
5796,1,6.399999999999993
5797,2,13.299999999999972
5798,1,6.099999999999994
5799,14,68.40000000000025
5800,2,13.299999999999972
5801,2,13.199999999999973
5802,4,22.500000000000057
5803,3,17.700000000000003
5804,5,27.30000000000011
5806,3,17.800000000000004
5807,5,27.000000000000107
5809,8,41.50000000000027
5810,3,17.800000000000004
5811,1,8.599999999999985
5812,2,13.199999999999973
5813,1,8.699999999999985
5814,7,36.20000000000021
5815,1,8.599999999999985
5816,7,36.20000000000021
5817,4,22.400000000000055
5818,10,50.100000000000364
5819,1,5.999999999999995
5820,4,23.40000000000007
5821,4,23.200000000000067
5822,1,5.999999999999995
5823,3,18.500000000000014
5824,4,22.400000000000055
5825,7,33.800000000000175
5826,5,27.700000000000117
5827,3,15.299999999999969
5829,1,6.499999999999993
5830,2,14.09999999999997
5831,3,15.299999999999969
5833,6,31.70000000000016
5834,2,14.09999999999997
5835,2,14.199999999999969
5836,10,47.400000000000325
5837,4,22.70000000000006
5838,1,9.399999999999983
5839,5,27.600000000000115
5840,12,60.10000000000048
5842,1,9.099999999999984
5843,2,13.199999999999973
5845,3,17.900000000000006
5846,10,47.60000000000033
5848,1,6.499999999999993
5849,1,8.599999999999985
5851,4,22.70000000000006
5852,3,18.30000000000001
5853,3,18.600000000000016
5854,1,6.699999999999992
5855,3,18.600000000000016
5856,11,52.00000000000038
5857,1,8.799999999999985
5858,5,24.40000000000007
5859,4,22.500000000000057
5860,1,8.899999999999984
5862,1,8.999999999999984
5863,11,52.10000000000038
5864,7,34.10000000000018
5865,2,13.299999999999972
5867,2,10.89999999999998
5868,4,22.60000000000006
5871,3,17.800000000000004
5872,5,27.700000000000117
5873,1,6.199999999999994
5874,6,32.50000000000017
5875,6,32.40000000000017
5877,6,31.70000000000016
5878,2,13.599999999999971
5879,5,27.600000000000115
5880,8,40.80000000000026
5881,4,22.500000000000057
5882,1,9.499999999999982
5883,21,100.59999999999881
5885,3,18.20000000000001
5886,5,24.40000000000007
5887,2,14.09999999999997
5888,4,23.300000000000068
5891,4,19.700000000000017
5893,16,78.49999999999979
5894,3,18.600000000000016
5895,1,8.899999999999984
5896,10,47.70000000000033
5897,8,38.10000000000022
5898,4,23.100000000000065
5900,3,15.199999999999967
5901,1,9.499999999999982
5902,1,5.999999999999995
5903,6,31.900000000000162
5904,1,8.599999999999985
5905,1,9.299999999999983
5906,7,37.00000000000022
5907,1,6.199999999999994
5908,3,15.199999999999967
5909,2,14.09999999999997
5910,6,31.600000000000158
5911,1,8.999999999999984
5912,18,84.19999999999958
5913,2,13.89999999999997
5914,4,23.100000000000065
5915,5,27.20000000000011
5916,11,55.20000000000042
5917,4,20.200000000000024
5918,1,6.399999999999993
5919,2,13.99999999999997
5920,8,41.200000000000266
5921,2,10.699999999999982
5922,12,57.00000000000043
5923,2,14.199999999999969
5924,1,8.699999999999985
5925,2,13.79999999999997
5926,2,13.69999999999997
5927,2,10.699999999999982
5928,4,23.100000000000065
5929,2,10.99999999999998
5930,6,32.40000000000017
5931,2,13.199999999999973
5932,4,20.00000000000002
5933,4,23.100000000000065
5934,8,41.00000000000026
5935,9,45.90000000000032
5936,3,15.799999999999976
5937,5,24.40000000000007
5938,1,8.899999999999984
5939,21,98.49999999999893
5940,3,15.199999999999967
5941,2,14.199999999999969
5942,2,11.19999999999998
5943,2,10.499999999999982
5944,1,8.699999999999985
5945,6,28.90000000000012
5946,3,15.599999999999973
5947,8,41.60000000000027
5948,4,23.300000000000068
5949,2,14.09999999999997
5950,1,8.799999999999985
5951,3,15.299999999999969
5952,5,27.100000000000108
5953,3,18.500000000000014
5955,4,23.300000000000068
5956,3,15.199999999999967
5957,13,63.80000000000045
5958,1,6.199999999999994
5959,2,10.699999999999982
5960,2,13.99999999999997
5961,8,41.100000000000264
5962,2,10.599999999999982
5963,10,50.00000000000036
5964,3,15.39999999999997
5965,8,41.70000000000027
5966,6,29.300000000000125
5967,2,14.09999999999997
5968,17,79.79999999999977
5969,8,41.800000000000274
5970,3,17.700000000000003
5971,2,10.699999999999982
5972,9,46.20000000000032
5974,2,10.89999999999998
5975,3,17.900000000000006
5976,11,54.40000000000041
5977,2,13.299999999999972
5978,1,8.499999999999986
5979,1,6.399999999999993
5980,3,18.30000000000001
5982,5,27.500000000000114
5984,5,24.900000000000077
5985,6,29.400000000000126
5986,10,50.800000000000374
5987,2,10.89999999999998
5988,11,52.00000000000038
5989,2,10.699999999999982
5990,10,47.80000000000033
5991,8,41.70000000000027
5992,1,8.499999999999986
5993,3,15.299999999999969
5994,4,22.400000000000055
5997,2,10.99999999999998
5998,5,27.90000000000012
5999,1,6.299999999999994
6001,2,10.799999999999981
6002,1,8.999999999999984
6003,10,50.200000000000365
6004,2,10.599999999999982
6005,2,10.99999999999998
6006,3,18.20000000000001
6007,1,6.199999999999994
6009,11,52.40000000000038
6010,1,9.099999999999984
6011,4,20.200000000000024
6012,8,41.70000000000027
6013,7,37.10000000000022
6014,4,22.500000000000057
6015,3,15.199999999999967
6016,2,13.299999999999972
6017,3,17.800000000000004
6018,5,27.30000000000011
6020,1,8.999999999999984
6021,3,18.700000000000017
6023,2,13.199999999999973
6024,1,6.199999999999994
6025,2,14.199999999999969
6026,1,6.299999999999994
6027,11,52.500000000000384
6028,2,13.99999999999997
6030,5,24.50000000000007
6031,3,17.800000000000004
6032,1,8.999999999999984
6033,6,32.40000000000017
6034,21,98.39999999999894
6035,6,32.40000000000017
6036,2,13.89999999999997
6037,5,27.90000000000012
6040,7,36.10000000000021
6043,1,8.799999999999985
6044,7,36.90000000000022
6045,1,6.299999999999994
6046,5,26.800000000000104
6049,1,6.199999999999994
6050,1,6.199999999999994
6051,1,9.399999999999983
6052,3,17.700000000000003
6053,4,20.200000000000024
6054,8,38.70000000000023
6055,1,8.999999999999984
6056,1,6.199999999999994
6057,5,27.90000000000012
6058,1,6.199999999999994
6061,7,36.30000000000021
6062,2,10.89999999999998
6063,3,17.5
6064,2,14.199999999999969
6065,1,6.299999999999994
6066,2,14.09999999999997
6067,7,37.00000000000022
6068,4,22.400000000000055
6071,4,20.200000000000024
6072,6,29.200000000000124
6073,5,27.600000000000115
6074,5,26.900000000000105
6075,5,27.700000000000117
6076,6,32.40000000000017
6077,6,32.50000000000017
6078,3,15.699999999999974
6079,1,6.399999999999993
6080,2,10.599999999999982
6081,1,8.899999999999984
6082,2,14.199999999999969
6083,4,23.200000000000067
6084,1,6.299999999999994
6085,4,23.100000000000065
6087,2,13.199999999999973
6088,2,13.099999999999973
6089,2,10.799999999999981
6090,2,10.699999999999982
6091,1,9.299999999999983
6092,13,64.50000000000041
6093,3,18.500000000000014
6094,8,38.70000000000023
6096,6,32.50000000000017
6097,1,5.999999999999995
6098,1,9.099999999999984
6099,1,6.499999999999993
6100,2,14.09999999999997
6101,1,6.199999999999994
6102,1,8.499999999999986
6103,6,32.60000000000017
6104,2,13.299999999999972
6105,8,41.800000000000274
6106,2,10.89999999999998
6107,4,19.90000000000002
6108,5,26.800000000000104
6109,13,63.70000000000046
6110,4,23.200000000000067
6111,4,22.70000000000006
6112,6,29.400000000000126
6114,10,47.300000000000324
6115,2,14.199999999999969
6117,1,8.699999999999985
6118,1,8.499999999999986
6119,10,47.60000000000033
6120,1,6.199999999999994
6121,9,45.50000000000031
6122,1,6.099999999999994
6125,1,6.5999999999999925
6129,1,8.599999999999985
6131,3,17.6
6132,3,15.299999999999969
6134,3,18.500000000000014
6135,2,10.89999999999998
6136,3,15.599999999999973
6137,2,13.199999999999973
6140,1,8.999999999999984
6141,3,18.600000000000016
6142,2,10.99999999999998
6143,1,8.999999999999984
6145,1,8.499999999999986
6146,1,5.999999999999995
6147,5,24.50000000000007
6150,5,27.500000000000114
6151,5,27.90000000000012
6152,4,20.200000000000024
6153,2,13.79999999999997
6154,7,36.000000000000206
6155,1,9.199999999999983
6156,6,29.500000000000128
6157,4,19.90000000000002
6160,1,9.099999999999984
6162,2,10.99999999999998
6163,1,8.899999999999984
6167,1,9.099999999999984
6169,1,6.299999999999994
6170,1,8.599999999999985
6171,3,17.800000000000004
6172,3,18.600000000000016
6173,1,8.599999999999985
6174,1,9.399999999999983
6175,3,18.600000000000016
6177,3,15.699999999999974
6178,2,10.89999999999998
6179,1,8.399999999999986
6181,1,9.499999999999982
6183,1,8.699999999999985
6184,1,6.299999999999994
6185,3,15.699999999999974
6187,4,23.000000000000064
6190,3,17.700000000000003
6191,2,13.299999999999972
6192,4,19.700000000000017
6193,1,6.099999999999994
6194,2,13.599999999999971
6195,8,41.100000000000264
6197,2,13.099999999999973
6198,7,36.20000000000021
6199,2,10.89999999999998
6203,1,8.899999999999984
6205,2,13.299999999999972
6206,1,6.299999999999994
6207,2,13.89999999999997
6208,2,13.199999999999973
6209,2,13.399999999999972
6210,5,27.000000000000107
6211,3,18.000000000000007
6213,1,9.499999999999982
6214,1,6.299999999999994
6216,13,63.80000000000045
6217,8,40.90000000000026
6218,7,35.900000000000205
6219,1,6.199999999999994
6220,1,9.399999999999983
6221,4,23.40000000000007
6223,3,18.500000000000014
6224,4,20.200000000000024
6225,1,6.299999999999994
6229,2,13.099999999999973
6230,1,9.199999999999983
6231,4,22.400000000000055
6232,1,6.199999999999994
6233,3,17.6
6234,1,6.699999999999992
6235,14,68.30000000000025
6236,1,6.299999999999994
6237,2,13.199999999999973
6238,5,26.900000000000105
6239,1,6.299999999999994
6240,1,6.199999999999994
6241,6,32.200000000000166
6242,1,6.399999999999993
6243,1,6.299999999999994
6244,1,8.499999999999986
6245,4,22.60000000000006
6247,2,13.199999999999973
6249,3,18.500000000000014
6252,2,13.299999999999972
6255,6,31.400000000000155
6256,6,31.70000000000016
6257,2,13.199999999999973
6258,1,6.299999999999994
6259,3,17.800000000000004
6261,1,8.799999999999985
6262,2,13.499999999999972
6264,5,26.800000000000104
6266,2,10.99999999999998
6267,1,8.899999999999984
6271,3,18.30000000000001
6272,1,9.399999999999983
6274,1,9.099999999999984
6278,7,34.10000000000018
6279,14,68.30000000000025
6281,1,6.299999999999994
6282,1,8.499999999999986
6283,2,14.199999999999969
6284,2,13.199999999999973
6285,3,15.199999999999967
6286,4,22.500000000000057
6287,5,27.000000000000107
6288,2,14.09999999999997
6289,5,27.500000000000114
6292,1,6.299999999999994
6293,1,9.099999999999984
6295,8,41.800000000000274
6298,6,32.200000000000166
6299,8,41.100000000000264
6300,2,13.599999999999971
6301,4,22.300000000000054
6304,1,8.799999999999985
6306,3,18.600000000000016
6307,2,13.199999999999973
6309,1,8.699999999999985
6310,4,22.400000000000055
6311,1,6.299999999999994
6314,1,8.499999999999986
6316,2,13.299999999999972
6317,19,91.19999999999924
6318,1,9.499999999999982
6319,2,13.199999999999973
6320,4,23.40000000000007
6321,2,13.499999999999972
6322,7,36.20000000000021
6325,2,14.09999999999997
6326,1,8.899999999999984
6328,1,6.299999999999994
6330,2,13.199999999999973
6331,5,27.600000000000115
6333,2,13.199999999999973
6334,1,6.299999999999994
6335,1,9.199999999999983
6338,2,11.09999999999998
6339,1,8.999999999999984
6341,1,9.199999999999983
6342,1,6.199999999999994
6344,8,40.80000000000026
6345,1,9.099999999999984
6347,5,24.900000000000077
6348,2,13.099999999999973
6349,1,8.399999999999986
6350,2,13.199999999999973
6351,4,20.200000000000024
6352,2,13.199999999999973
6355,4,22.300000000000054
6356,2,13.299999999999972
6358,8,40.80000000000026
6359,2,13.499999999999972
6361,4,20.200000000000024
6363,1,8.399999999999986
6364,4,22.400000000000055
6365,4,22.400000000000055
6370,8,40.80000000000026
6371,6,29.00000000000012
6372,4,23.300000000000068
6373,1,6.499999999999993
6374,1,6.299999999999994
6375,4,22.500000000000057
6376,2,13.399999999999972
6377,3,18.500000000000014
6379,7,36.40000000000021
6380,5,26.800000000000104
6381,1,6.199999999999994
6382,1,9.099999999999984
6383,2,13.099999999999973
6384,2,13.099999999999973
6385,2,13.199999999999973
6386,1,6.199999999999994
6387,1,9.099999999999984
6388,8,40.80000000000026
6389,3,18.400000000000013
6390,1,6.299999999999994
6391,1,6.299999999999994
6392,1,8.499999999999986
6394,2,14.199999999999969
6396,3,15.199999999999967
6397,4,22.60000000000006
6398,7,33.70000000000017
6400,2,10.799999999999981
6401,1,8.399999999999986
6402,4,22.400000000000055
6403,7,36.000000000000206
6404,3,18.700000000000017
6405,1,6.199999999999994
6406,4,23.000000000000064
6407,3,15.39999999999997
6409,4,23.200000000000067
6410,4,22.400000000000055
6411,4,23.200000000000067
6412,3,17.800000000000004
6413,1,8.499999999999986
6414,2,11.09999999999998
6415,2,10.89999999999998
6416,4,22.400000000000055
6418,4,20.200000000000024
6419,6,29.100000000000122
6420,2,13.199999999999973
6422,4,22.500000000000057
6425,2,13.099999999999973
6426,1,9.499999999999982
6428,2,10.99999999999998
6431,9,46.10000000000032
6432,1,8.499999999999986
6433,5,24.40000000000007
6434,1,6.299999999999994
6440,2,13.199999999999973
6441,2,13.199999999999973
6442,2,10.89999999999998
6446,1,8.999999999999984
6447,1,9.299999999999983
6448,1,9.299999999999983
6449,2,13.099999999999973
6450,2,13.79999999999997
6451,6,32.30000000000017
6452,2,10.699999999999982
6453,3,18.700000000000017
6455,1,8.999999999999984
6458,2,10.99999999999998
6459,3,18.600000000000016
6460,1,8.599999999999985
6462,3,17.6
6463,2,13.99999999999997
6467,5,26.800000000000104
6468,2,10.99999999999998
6469,1,9.199999999999983
6471,4,22.400000000000055
6472,2,10.99999999999998
6473,6,31.600000000000158
6475,5,24.900000000000077
6477,4,20.200000000000024
6479,2,10.799999999999981
6481,4,22.60000000000006
6482,1,9.399999999999983
6485,2,13.199999999999973
6486,3,17.700000000000003
6487,1,9.099999999999984
6488,2,13.99999999999997
6489,5,26.900000000000105
6490,1,8.599999999999985
6491,3,15.299999999999969
6492,2,14.199999999999969
6495,4,22.400000000000055
6496,2,10.99999999999998
6497,5,24.40000000000007
6498,4,19.90000000000002
6499,1,6.099999999999994
6500,1,8.899999999999984
6505,3,18.400000000000013
6506,4,22.300000000000054
6507,1,9.099999999999984
6511,1,8.999999999999984
6513,2,13.099999999999973
6514,2,13.099999999999973
6516,1,8.599999999999985
6517,1,9.099999999999984
6518,2,13.199999999999973
6520,1,9.099999999999984
6521,1,9.199999999999983
6522,2,11.09999999999998
6524,5,26.800000000000104
6525,2,13.099999999999973
6527,1,6.199999999999994
6528,2,13.199999999999973
6529,2,13.199999999999973
6533,2,13.099999999999973
6535,1,9.099999999999984
6539,3,15.39999999999997
6543,2,10.799999999999981
6544,2,13.199999999999973
6545,2,13.199999999999973
6547,6,31.400000000000155
6548,4,22.900000000000063
6549,1,8.599999999999985
6550,4,19.80000000000002
6551,2,13.499999999999972
6553,1,9.099999999999984
6556,2,10.799999999999981
6558,2,10.499999999999982
6559,3,18.700000000000017
6560,2,13.299999999999972
6562,3,15.699999999999974
6563,1,8.999999999999984
6564,2,13.99999999999997
6565,1,9.399999999999983
6566,2,10.99999999999998
6567,4,22.200000000000053
6568,4,20.200000000000024
6570,4,23.200000000000067
6571,2,13.099999999999973
6573,6,31.600000000000158
6574,2,13.99999999999997
6577,8,41.50000000000027
6579,2,10.99999999999998
6581,5,26.700000000000102
6584,1,9.399999999999983
6585,2,13.199999999999973
6586,1,9.299999999999983
6588,2,10.599999999999982
6589,1,6.299999999999994
6593,1,9.099999999999984
6594,4,23.200000000000067
6599,3,18.500000000000014
6602,2,10.799999999999981
6604,1,6.199999999999994
6605,4,19.80000000000002
6606,3,17.6
6608,1,9.099999999999984
6609,2,10.99999999999998
6611,1,8.999999999999984
6612,7,36.700000000000216
6613,2,13.099999999999973
6614,3,17.700000000000003
6617,2,13.89999999999997
6618,2,10.89999999999998
6622,2,13.199999999999973
6623,2,13.099999999999973
6625,2,13.69999999999997
6626,2,10.99999999999998
6627,1,8.499999999999986
6629,1,8.899999999999984
6630,5,24.800000000000075
6631,1,6.199999999999994
6632,1,9.099999999999984
6635,4,22.300000000000054
6637,2,13.89999999999997
6638,9,45.30000000000031
6639,1,8.599999999999985
6640,2,10.599999999999982
6642,1,9.099999999999984
6643,2,11.09999999999998
6644,3,18.10000000000001
6645,1,8.499999999999986
6646,9,45.30000000000031
6648,1,8.999999999999984
6649,1,9.399999999999983
6650,1,8.999999999999984
6651,1,8.899999999999984
6652,4,22.400000000000055
6653,6,31.400000000000155
6654,1,9.099999999999984
6655,2,13.199999999999973
6658,4,22.300000000000054
6659,1,8.499999999999986
6660,4,19.90000000000002
6661,7,36.000000000000206
6663,3,17.700000000000003
6664,1,8.599999999999985
6666,1,9.099999999999984
6668,1,5.999999999999995
6669,3,15.39999999999997
6673,1,9.399999999999983
6674,1,8.599999999999985
6675,1,6.099999999999994
6676,1,8.499999999999986
6678,1,8.699999999999985
6680,2,13.199999999999973
6681,1,8.599999999999985
6682,1,9.099999999999984
6683,2,13.099999999999973
6687,4,22.300000000000054
6689,3,15.499999999999972
6691,1,8.799999999999985
6692,2,10.699999999999982
6693,2,10.799999999999981
6694,1,5.999999999999995
6695,2,10.699999999999982
6698,1,5.999999999999995
6700,1,8.499999999999986
6701,1,8.599999999999985
6702,1,8.599999999999985
6703,1,8.599999999999985
6706,1,8.999999999999984
6707,2,10.89999999999998
6709,2,10.799999999999981
6711,1,6.099999999999994
6712,1,8.899999999999984
6713,12,59.10000000000046
6714,2,13.199999999999973
6715,5,24.50000000000007
6717,4,22.400000000000055
6719,1,6.399999999999993
6721,2,10.699999999999982
6722,2,10.99999999999998
6724,2,10.799999999999981
6725,1,8.899999999999984
6726,9,45.30000000000031
6727,2,12.999999999999973
6728,1,9.099999999999984
6729,3,15.699999999999974
6730,1,8.399999999999986
6731,1,6.399999999999993
6733,1,8.599999999999985
6735,1,8.899999999999984
6737,1,8.399999999999986
6738,3,17.5
6739,1,8.499999999999986
6741,1,8.399999999999986
6742,2,10.99999999999998
6746,2,13.99999999999997
6747,1,8.599999999999985
6748,3,15.39999999999997
6750,4,23.40000000000007
6752,2,13.199999999999973
6756,1,6.099999999999994
6757,2,10.699999999999982
6761,3,17.6
6762,1,8.499999999999986
6763,1,5.999999999999995
6764,1,9.099999999999984
6765,2,13.099999999999973
6766,2,12.999999999999973
6767,3,17.6
6768,2,10.89999999999998
6769,2,10.99999999999998
6770,3,17.800000000000004
6771,2,13.099999999999973
6772,2,10.799999999999981
6774,3,17.5
6776,3,15.699999999999974
6777,1,8.399999999999986
6778,3,15.799999999999976
6779,1,8.599999999999985
6781,4,22.300000000000054
6782,1,6.499999999999993
6783,5,24.40000000000007
6784,1,8.499999999999986
6785,1,9.099999999999984
6786,1,6.299999999999994
6787,1,9.099999999999984
6788,1,8.399999999999986
6789,2,14.09999999999997
6790,3,17.800000000000004
6792,3,15.39999999999997
6793,1,8.599999999999985
6794,2,14.09999999999997
6796,1,8.999999999999984
6799,1,8.799999999999985
6801,1,8.399999999999986
6802,1,8.399999999999986
6803,1,8.599999999999985
6804,1,6.5999999999999925
6805,1,8.399999999999986
6806,1,8.499999999999986
6807,2,13.199999999999973
6808,3,17.700000000000003
6810,2,12.999999999999973
6812,2,12.999999999999973
6813,2,14.09999999999997
6814,1,9.099999999999984
6815,2,13.099999999999973
6816,2,10.499999999999982
6817,2,12.999999999999973
6818,3,17.5
6823,3,17.700000000000003
6824,1,9.199999999999983
6826,1,8.399999999999986
6827,3,17.700000000000003
6828,1,9.399999999999983
6829,6,31.400000000000155
6830,1,9.199999999999983
6831,6,32.30000000000017
6832,4,22.200000000000053
6834,1,8.499999999999986
6835,1,8.599999999999985
6836,4,19.80000000000002
6837,3,17.6
6838,2,13.89999999999997
6840,3,15.599999999999973
6841,1,8.999999999999984
6843,2,13.099999999999973
6844,2,13.79999999999997
6845,6,32.200000000000166
6846,1,8.399999999999986
6849,1,8.599999999999985
6850,4,23.000000000000064
6851,1,8.499999999999986
6853,3,17.6
6854,2,14.199999999999969
6856,1,8.499999999999986
6859,1,8.399999999999986
6860,3,17.5
6862,1,8.399999999999986
6863,1,8.399999999999986
6864,5,24.40000000000007
6866,1,8.399999999999986
6868,1,9.099999999999984
6870,1,8.399999999999986
6871,2,12.999999999999973
6872,1,8.899999999999984
6873,3,17.700000000000003
6874,3,17.6
6875,2,14.09999999999997
6876,1,8.699999999999985
6877,4,19.80000000000002
6878,3,17.6
6880,3,17.700000000000003
6882,1,6.5999999999999925
6883,1,8.499999999999986
6885,1,8.899999999999984
6886,2,13.099999999999973
6887,3,15.899999999999977
6888,3,17.6
6893,1,8.599999999999985
6895,1,8.399999999999986
6897,1,8.499999999999986
6898,1,8.899999999999984
6899,8,38.70000000000023
6900,2,10.89999999999998
6903,8,40.70000000000026
6905,3,17.6
6906,3,17.5
6907,2,14.09999999999997
6908,5,26.800000000000104
6910,3,15.599999999999973
6914,1,8.599999999999985
6918,3,17.700000000000003
6920,3,17.6
6921,2,12.999999999999973
6926,2,13.299999999999972
6927,3,15.799999999999976
6929,1,8.499999999999986
6930,1,8.599999999999985
6931,2,13.89999999999997
6934,2,10.599999999999982
6935,1,8.399999999999986
6938,2,13.79999999999997
6941,5,24.800000000000075
6942,1,8.399999999999986
6945,1,8.399999999999986
6947,1,8.999999999999984
6949,3,17.6
6951,2,13.299999999999972
6952,1,8.499999999999986
6954,2,12.999999999999973
6958,1,6.399999999999993
6959,4,22.200000000000053
6964,5,26.900000000000105
6967,1,8.599999999999985
6968,1,8.799999999999985
6970,1,8.599999999999985
6971,2,13.99999999999997
6976,1,8.499999999999986
6977,1,8.599999999999985
6979,3,15.799999999999976
6980,1,8.899999999999984
6981,3,17.6
6982,2,10.499999999999982
6989,1,8.599999999999985
6990,1,8.499999999999986
6991,1,6.299999999999994
6993,2,12.999999999999973
6994,1,6.299999999999994
6995,3,17.6
6997,1,6.399999999999993
6998,3,17.900000000000006
7000,2,13.79999999999997
7001,3,17.6
7003,3,18.700000000000017
7005,1,8.399999999999986
7006,1,8.599999999999985
7009,1,8.499999999999986
7011,5,26.800000000000104
7012,2,13.89999999999997
7013,2,12.999999999999973
7015,5,24.600000000000072
7016,1,8.499999999999986
7017,1,8.799999999999985
7018,2,13.399999999999972
7019,1,8.399999999999986
7020,7,36.000000000000206
7022,4,22.400000000000055
7024,2,12.999999999999973
7025,3,17.5
7028,3,15.599999999999973
7029,1,8.399999999999986
7030,2,13.79999999999997
7031,2,12.999999999999973
7032,2,13.79999999999997
7033,1,8.399999999999986
7036,1,8.699999999999985
7039,2,10.599999999999982
7040,1,8.399999999999986
7041,6,28.90000000000012
7042,1,8.599999999999985
7045,3,17.5
7048,1,6.399999999999993
7049,1,6.399999999999993
7051,1,8.399999999999986
7053,2,10.89999999999998
7054,1,8.899999999999984
7056,2,12.999999999999973
7058,2,10.99999999999998
7061,5,26.700000000000102
7062,3,15.599999999999973
7065,1,6.399999999999993
7066,4,22.60000000000006
7067,1,8.899999999999984
7069,2,12.999999999999973
7070,2,10.699999999999982
7073,4,22.300000000000054
7074,3,15.499999999999972
7077,1,8.699999999999985
7080,1,8.399999999999986
7084,1,6.499999999999993
7085,1,6.399999999999993
7086,3,17.6
7088,1,6.299999999999994
7089,3,17.6
7094,2,12.999999999999973
7095,1,6.299999999999994
7096,1,8.499999999999986
7097,2,13.79999999999997
7101,2,10.99999999999998
7102,3,17.6
7103,4,19.80000000000002
7104,1,6.199999999999994
7105,3,17.6
7106,2,13.099999999999973
7107,2,13.099999999999973
7108,3,15.39999999999997
7110,3,17.800000000000004
7111,4,22.500000000000057
7113,1,8.599999999999985
7114,1,6.299999999999994
7115,1,6.399999999999993
7119,1,8.499999999999986
7121,1,6.199999999999994
7123,3,17.5
7124,1,8.499999999999986
7126,1,8.399999999999986
7128,3,17.5
7129,1,8.399999999999986
7132,1,8.599999999999985
7135,1,8.399999999999986
7136,1,6.399999999999993
7140,1,6.399999999999993
7141,2,13.599999999999971
7142,1,8.499999999999986
7143,4,19.90000000000002
7144,2,10.699999999999982
7147,3,18.10000000000001
7148,1,8.699999999999985
7150,4,23.000000000000064
7151,1,8.499999999999986
7158,1,6.099999999999994
7161,1,8.399999999999986
7163,3,17.5
7165,3,18.600000000000016
7167,1,5.999999999999995
7168,1,6.399999999999993
7170,1,6.499999999999993
7172,1,8.399999999999986
7174,2,10.699999999999982
7183,1,6.199999999999994
7185,1,8.599999999999985
7187,2,13.69999999999997
7191,1,8.599999999999985
7197,2,10.599999999999982
7199,1,8.899999999999984
7201,1,8.399999999999986
7202,1,6.299999999999994
7203,3,17.5
7204,3,17.5
7210,2,12.999999999999973
7211,2,12.999999999999973
7212,1,6.199999999999994
7215,3,18.000000000000007
7217,1,8.499999999999986
7219,1,8.399999999999986
7221,1,8.399999999999986
7227,3,17.5
7233,1,6.399999999999993
7234,4,22.200000000000053
7235,1,5.999999999999995
7241,1,8.499999999999986
7242,4,22.300000000000054
7244,1,8.499999999999986
7247,1,6.199999999999994
7254,4,20.100000000000023
7255,4,22.200000000000053
7257,1,8.499999999999986
7259,3,17.700000000000003
7261,2,10.799999999999981
7263,1,6.199999999999994
7264,1,6.199999999999994
7265,1,8.599999999999985
7266,2,13.199999999999973
7267,3,15.499999999999972
7268,7,36.000000000000206
7269,3,18.600000000000016
7271,1,9.399999999999983
7274,1,8.499999999999986
7275,2,12.999999999999973
7276,1,8.399999999999986
7279,2,12.999999999999973
7285,3,15.299999999999969
7288,1,6.499999999999993
7290,1,8.399999999999986
7291,3,17.5
7293,1,6.099999999999994
7294,1,8.499999999999986
7296,2,13.099999999999973
7297,2,13.099999999999973
7298,1,8.499999999999986
7300,1,6.099999999999994
7302,2,13.79999999999997
7315,3,17.5
7316,2,12.999999999999973
7317,3,17.5
7318,3,15.299999999999969
7319,2,10.599999999999982
7321,3,15.999999999999979
7322,1,6.299999999999994
7325,2,14.199999999999969
7328,3,18.400000000000013
7330,1,6.5999999999999925
7331,1,6.299999999999994
7332,1,6.299999999999994
7335,1,6.399999999999993
7336,1,6.299999999999994
7338,4,23.000000000000064
7339,2,13.399999999999972
7340,2,13.99999999999997
7341,1,8.399999999999986
7343,3,15.699999999999974
7344,1,6.399999999999993
7346,1,8.399999999999986
7349,3,17.6
7354,3,15.699999999999974
7355,1,8.399999999999986
7358,2,13.599999999999971
7360,2,10.599999999999982
7361,3,18.500000000000014
7362,1,8.399999999999986
7364,2,12.999999999999973
7366,1,6.099999999999994
7367,1,8.399999999999986
7368,1,8.399999999999986
7369,3,15.199999999999967
7371,1,8.399999999999986
7373,1,6.399999999999993
7375,1,6.199999999999994
7376,1,8.399999999999986
7379,2,12.999999999999973
7383,8,40.60000000000026
7384,4,22.60000000000006
7385,4,22.200000000000053
7386,3,17.5
7387,2,10.799999999999981
7388,1,8.399999999999986
7390,3,17.5
7391,2,10.99999999999998
7393,1,6.399999999999993
7394,1,8.399999999999986
7395,2,10.699999999999982
7396,1,6.499999999999993
7399,1,6.199999999999994
7400,1,6.099999999999994
7404,1,8.599999999999985
7406,1,8.399999999999986
7407,2,10.799999999999981
7408,2,10.99999999999998
7409,1,6.299999999999994
7412,1,8.399999999999986
7414,7,33.60000000000017
7416,3,17.6
7422,2,12.999999999999973
7423,4,22.300000000000054
7424,1,6.099999999999994
7425,1,8.599999999999985
7427,1,8.399999999999986
7428,2,13.299999999999972
7430,1,6.199999999999994
7433,2,14.09999999999997
7436,1,6.099999999999994
7437,2,10.799999999999981
7439,3,15.599999999999973
7441,3,17.5
7444,1,8.399999999999986
7445,1,8.399999999999986
7446,1,8.399999999999986
7447,6,31.70000000000016
7448,2,10.699999999999982
7449,2,13.299999999999972
7450,1,8.399999999999986
7451,9,43.00000000000028
7453,4,20.300000000000026
7454,5,26.800000000000104
7456,4,22.200000000000053
7457,5,24.600000000000072
7459,10,47.400000000000325
7463,3,18.600000000000016
7464,1,6.399999999999993
7466,2,13.89999999999997
7467,1,6.399999999999993
7469,2,13.199999999999973
7471,3,17.6
7472,2,13.299999999999972
7473,5,26.800000000000104
7474,1,8.399999999999986
7475,1,6.099999999999994
7476,1,6.199999999999994
7479,1,8.399999999999986
7481,5,24.900000000000077
7484,5,27.800000000000118
7486,2,10.799999999999981
7487,1,6.399999999999993
7488,7,36.000000000000206
7490,1,8.399999999999986
7491,2,10.599999999999982
7492,1,8.399999999999986
7493,2,12.999999999999973
7494,1,6.199999999999994
7496,1,8.399999999999986
7497,1,6.199999999999994
7498,1,6.499999999999993
7499,8,38.70000000000023
7500,2,13.299999999999972
7502,1,8.399999999999986
7503,2,10.599999999999982
7505,1,8.499999999999986
7506,4,22.200000000000053
7507,1,9.399999999999983
7508,3,15.599999999999973
7511,2,10.499999999999982
7513,4,23.40000000000007
7514,4,19.80000000000002
7515,2,10.499999999999982
7517,2,13.199999999999973
7518,5,26.700000000000102
7520,4,22.400000000000055
7523,1,6.099999999999994
7524,2,10.499999999999982
7525,2,12.999999999999973
7526,1,8.399999999999986
7527,2,12.999999999999973
7528,1,8.399999999999986
7529,1,6.199999999999994
7530,3,15.699999999999974
7531,4,19.700000000000017
7532,1,8.399999999999986
7534,2,13.99999999999997
7536,1,8.399999999999986
7539,4,22.400000000000055
7543,6,32.60000000000017
7544,1,6.199999999999994
7547,5,24.50000000000007
7548,7,33.60000000000017
7549,3,17.700000000000003
7550,2,10.599999999999982
7551,1,6.399999999999993
7554,1,6.499999999999993
7555,1,6.299999999999994
7559,10,50.800000000000374
7563,1,8.399999999999986
7564,2,13.99999999999997
7565,3,15.799999999999976
7568,2,12.999999999999973
7569,1,8.399999999999986
7571,6,31.400000000000155
7572,12,59.900000000000475
7573,8,41.800000000000274
7574,1,6.099999999999994
7575,1,8.399999999999986
7576,4,22.300000000000054
7577,1,6.299999999999994
7578,4,23.000000000000064
7579,3,17.5
7580,3,18.400000000000013
7581,1,9.199999999999983
7582,2,13.199999999999973
7583,1,9.199999999999983
7584,4,23.300000000000068
7585,1,5.999999999999995
7586,3,15.39999999999997
7587,2,12.999999999999973
7588,5,26.700000000000102
7589,5,26.800000000000104
7590,9,46.20000000000032
7592,7,35.900000000000205
7593,9,45.10000000000031
7594,6,32.30000000000017
7596,6,32.100000000000165
7598,4,23.100000000000065
7599,1,9.099999999999984
7600,3,15.39999999999997
7601,3,18.30000000000001
7602,1,6.199999999999994
7603,4,22.200000000000053
7605,2,13.89999999999997
7606,2,14.09999999999997
7607,4,22.200000000000053
7608,3,18.30000000000001
7609,4,22.400000000000055
7610,2,10.99999999999998
7612,2,13.299999999999972
7614,1,9.199999999999983
7615,1,8.399999999999986
7616,11,54.30000000000041
7617,10,47.90000000000033
7618,1,6.499999999999993
7619,12,59.200000000000465
7622,3,17.5
7623,1,6.499999999999993
7624,5,24.600000000000072
7625,2,13.099999999999973
7627,2,10.799999999999981
7628,1,9.099999999999984
7629,7,33.60000000000017
7630,1,6.299999999999994
7631,1,6.099999999999994
7632,1,6.199999999999994
7633,2,10.99999999999998
7634,11,52.40000000000038
7636,4,22.80000000000006
7637,1,8.499999999999986
7638,1,8.399999999999986
7639,2,14.199999999999969
7641,8,41.50000000000027
7642,6,31.400000000000155
7644,1,6.299999999999994
7645,7,36.90000000000022
7646,3,18.700000000000017
7647,4,22.300000000000054
7648,2,13.99999999999997
7649,8,41.50000000000027
7651,5,27.30000000000011
7653,4,23.300000000000068
7654,1,8.699999999999985
7655,10,50.60000000000037
7656,1,6.299999999999994
7658,10,47.50000000000033
7660,3,18.30000000000001
7662,4,22.200000000000053
7663,8,40.90000000000026
7668,5,27.400000000000112
7670,2,14.199999999999969
7672,2,13.099999999999973
7674,11,54.40000000000041
7675,5,26.700000000000102
7676,2,13.79999999999997
7677,2,10.599999999999982
7678,1,6.199999999999994
7679,4,20.100000000000023
7680,5,27.30000000000011
7681,4,19.700000000000017
7683,1,5.999999999999995
7686,3,18.400000000000013
7687,16,75.49999999999996
7688,1,6.399999999999993
7689,1,9.099999999999984
7690,3,17.5
7691,6,32.00000000000016
7692,10,50.50000000000037
7693,9,45.10000000000031
7694,10,50.60000000000037
7695,10,47.400000000000325
7696,14,68.90000000000022
7697,11,52.500000000000384
7698,7,33.60000000000017
7699,3,15.599999999999973
7700,4,23.200000000000067
7701,2,12.999999999999973
7702,1,6.699999999999992
7703,15,72.70000000000006
7704,5,26.900000000000105
7706,4,22.400000000000055
7707,12,59.200000000000465
7708,1,6.399999999999993
7710,1,6.299999999999994
7712,1,6.299999999999994
7714,6,31.600000000000158
7715,6,32.60000000000017
7716,10,49.80000000000036
7717,8,41.70000000000027
7719,1,6.299999999999994
7720,7,33.60000000000017
7721,3,17.6
7722,7,37.00000000000022
7723,1,6.199999999999994
7724,6,32.100000000000165
7726,8,38.10000000000022
7727,1,9.099999999999984
7728,2,13.599999999999971
7729,2,12.999999999999973
7730,7,34.10000000000018
7731,2,10.89999999999998
7732,16,77.69999999999983
7733,2,13.69999999999997
7734,2,13.099999999999973
7735,1,6.399999999999993
7736,1,6.399999999999993
7737,4,23.40000000000007
7738,10,49.80000000000036
7740,3,15.599999999999973
7741,1,9.299999999999983
7742,2,13.599999999999971
7743,2,13.79999999999997
7744,14,68.30000000000025
7745,7,35.900000000000205
7746,10,50.60000000000037
7747,8,38.60000000000023
7748,15,70.40000000000019
7749,4,22.500000000000057
7750,1,6.299999999999994
7751,9,45.90000000000032
7752,6,31.400000000000155
7753,2,10.599999999999982
7755,28,132.7999999999974
7756,3,17.6
7757,1,6.299999999999994
7758,7,36.000000000000206
7759,9,45.10000000000031
7761,21,101.19999999999878
7762,11,54.30000000000041
7763,8,38.20000000000022
7764,5,24.40000000000007
7765,1,6.5999999999999925
7767,2,12.999999999999973
7768,3,15.699999999999974
7769,27,128.1999999999976
7770,2,10.99999999999998
7771,26,123.4999999999978
7772,2,13.79999999999997
7773,7,35.900000000000205
7774,12,60.10000000000048
7776,28,132.5999999999974
7777,5,24.50000000000007
7778,4,23.40000000000007
7779,1,6.299999999999994
7780,1,6.399999999999993
7782,2,11.19999999999998
7783,3,17.5
7784,3,17.5
7785,13,63.50000000000047
7786,10,49.80000000000036
7787,7,33.60000000000017
7788,1,8.399999999999986
7789,2,13.89999999999997
7791,18,86.89999999999942
7792,7,36.700000000000216
7793,1,6.299999999999994
7794,2,10.99999999999998
7795,17,80.09999999999975
7796,17,79.59999999999978
7797,3,15.199999999999967
7798,3,17.6
7799,7,36.000000000000206
7800,16,75.09999999999998
7802,4,19.700000000000017
7803,11,54.30000000000041
7804,6,29.100000000000122
7805,6,29.200000000000124
7806,4,20.300000000000026
7807,4,19.700000000000017
7808,31,144.09999999999692
7809,6,29.100000000000122
7810,13,61.20000000000048
7811,1,6.499999999999993
7812,13,61.80000000000049
7813,3,17.5
7814,9,45.10000000000031
7815,7,34.00000000000018
7816,1,8.899999999999984
7817,6,29.500000000000128
7818,2,10.599999999999982
7819,15,72.70000000000006
7820,44,203.69999999999428
7821,6,29.400000000000126
7822,1,6.499999999999993
7823,2,10.799999999999981
7824,3,15.299999999999969
7825,7,36.10000000000021
7826,1,6.299999999999994
7827,11,54.800000000000416
7829,7,34.10000000000018
7830,2,10.599999999999982
7831,1,6.499999999999993
7832,6,31.400000000000155
7834,5,24.900000000000077
7835,5,26.700000000000102
7836,11,52.40000000000038
7837,3,17.800000000000004
7838,1,6.199999999999994
7839,1,9.299999999999983
7840,3,15.599999999999973
7841,2,10.699999999999982
7842,3,15.699999999999974
7843,3,17.800000000000004
7845,4,19.700000000000017
7846,1,6.299999999999994
7847,2,10.599999999999982
7848,1,6.499999999999993
7850,15,70.90000000000016
7851,1,8.899999999999984
7852,20,93.29999999999917
7853,4,23.40000000000007
7854,9,43.40000000000028
7855,3,17.5
7856,4,23.300000000000068
7857,9,42.900000000000276
7858,11,55.400000000000425
7859,3,17.5
7860,7,36.600000000000215
7861,5,26.700000000000102
7862,1,8.399999999999986
7864,3,18.10000000000001
7865,2,13.199999999999973
7866,3,17.5
7867,4,23.200000000000067
7868,3,17.800000000000004
7869,4,19.90000000000002
7870,9,45.10000000000031
7871,1,6.299999999999994
7872,9,45.50000000000031
7874,7,35.900000000000205
7875,3,17.5
7876,5,27.700000000000117
7877,4,20.100000000000023
7878,9,45.20000000000031
7879,3,15.499999999999972
7880,6,28.90000000000012
7881,3,15.699999999999974
7882,5,27.000000000000107
7883,1,8.599999999999985
7884,3,15.699999999999974
7885,1,6.399999999999993
7886,3,18.400000000000013
7887,1,9.399999999999983
7890,10,50.800000000000374
7891,21,97.99999999999896
7892,2,13.599999999999971
7893,8,38.400000000000226
7894,1,8.499999999999986
7895,1,8.399999999999986
7896,5,24.40000000000007
7897,2,10.89999999999998
7898,5,24.40000000000007
7899,3,15.599999999999973
7900,4,22.200000000000053
7901,2,10.99999999999998
7902,15,72.80000000000005
7903,5,26.700000000000102
7905,2,14.199999999999969
7906,2,10.799999999999981
7907,13,63.60000000000046
7908,1,5.999999999999995
7909,2,12.999999999999973
7910,1,6.199999999999994
7911,18,87.59999999999938
7912,1,6.699999999999992
7913,14,66.20000000000037
7914,4,23.200000000000067
7915,2,10.699999999999982
7916,1,9.199999999999983
7917,4,20.00000000000002
7918,16,75.39999999999996
7919,2,10.99999999999998
7920,4,19.700000000000017
7921,2,10.89999999999998
7922,1,8.899999999999984
7923,10,50.50000000000037
7924,14,66.20000000000037
7926,22,102.69999999999875
7927,1,8.499999999999986
7928,6,29.400000000000126
7929,1,9.299999999999983
7930,1,6.299999999999994
7931,1,6.299999999999994
7932,7,34.10000000000018
7933,5,27.000000000000107
7934,2,10.89999999999998
7935,1,6.499999999999993
7936,2,10.499999999999982
7937,11,52.30000000000038
7938,21,98.39999999999894
7939,1,6.399999999999993
7940,7,33.900000000000176
7941,1,6.199999999999994
7942,5,24.700000000000074
7943,1,6.199999999999994
7944,2,10.499999999999982
7945,15,72.70000000000006
7946,6,29.00000000000012
7947,3,15.299999999999969
7948,8,40.90000000000026
7949,17,79.89999999999976
7950,5,24.40000000000007
7951,8,38.10000000000022
7952,1,8.599999999999985
7953,6,32.200000000000166
7954,1,6.199999999999994
7955,1,6.299999999999994
7956,3,18.500000000000014
7957,6,31.400000000000155
7958,1,8.599999999999985
7959,2,10.599999999999982
7960,9,43.00000000000028
7961,4,22.200000000000053
7962,1,6.399999999999993
7963,1,9.299999999999983
7964,10,50.30000000000037
7965,2,10.599999999999982
7966,5,24.900000000000077
7967,4,22.500000000000057
7968,5,27.500000000000114
7969,7,33.900000000000176
7970,2,10.699999999999982
7972,7,33.60000000000017
7973,1,5.999999999999995
7974,2,10.599999999999982
7975,2,11.09999999999998
7976,3,18.600000000000016
7977,3,15.599999999999973
7978,1,6.299999999999994
7979,1,6.299999999999994
7980,6,29.200000000000124
7981,2,10.99999999999998
7982,5,26.900000000000105
7983,5,24.800000000000075
7984,1,9.099999999999984
7985,7,33.800000000000175
7986,4,22.80000000000006
7987,4,22.300000000000054
7988,1,8.599999999999985
7989,2,10.89999999999998
7990,10,50.800000000000374
7991,9,42.800000000000274
7992,1,9.199999999999983
7993,3,15.699999999999974
7994,1,6.499999999999993
7995,6,29.00000000000012
7996,8,38.70000000000023
7997,8,38.20000000000022
7998,1,5.999999999999995
7999,1,6.399999999999993
8000,3,17.900000000000006
8001,2,12.999999999999973
8002,1,9.099999999999984
8003,6,32.60000000000017
8004,2,14.199999999999969
8005,4,19.90000000000002
8006,4,22.200000000000053
8007,6,31.400000000000155
8008,2,13.99999999999997
8009,7,33.900000000000176
8010,3,15.299999999999969
8011,1,6.199999999999994
8012,2,10.799999999999981
8013,8,38.300000000000225
8014,7,33.900000000000176
8015,22,102.99999999999874
8016,2,10.799999999999981
8017,6,31.900000000000162
8018,3,17.5
8019,7,37.10000000000022
8020,11,52.00000000000038
8021,1,5.999999999999995
8022,8,38.20000000000022
8023,12,56.500000000000426
8024,1,9.499999999999982
8025,1,9.499999999999982
8027,9,45.10000000000031
8028,8,41.30000000000027
8029,7,36.80000000000022
8030,4,22.60000000000006
8031,22,104.99999999999862
8032,16,75.09999999999998
8033,11,52.30000000000038
8034,7,34.10000000000018
8035,15,70.50000000000018
8036,3,15.499999999999972
8037,13,61.30000000000048
8038,5,24.900000000000077
8039,7,36.000000000000206
8041,1,6.199999999999994
8042,2,10.799999999999981
8043,4,19.90000000000002
8044,7,36.30000000000021
8045,2,12.999999999999973
8046,23,109.59999999999842
8047,1,9.099999999999984
8048,1,8.999999999999984
8049,2,14.199999999999969
8050,1,9.299999999999983
8051,1,9.499999999999982
8053,6,31.400000000000155
8054,1,8.899999999999984
8055,3,18.400000000000013
8056,9,46.00000000000032
8057,4,19.700000000000017
8058,4,19.80000000000002
8059,20,96.49999999999899
8060,10,47.80000000000033
8061,25,116.79999999999812
8062,4,19.700000000000017
8063,13,61.20000000000048
8064,8,40.60000000000026
8065,3,18.700000000000017
8066,1,6.299999999999994
8067,19,89.19999999999935
8068,32,148.69999999999672
8069,26,121.29999999999792
8070,20,93.39999999999917
8071,36,170.5999999999957
8072,32,152.09999999999653
8073,17,82.8999999999996
8074,43,199.19999999999447
8075,16,78.59999999999978
8076,3,15.199999999999967
8077,17,81.89999999999965
8078,13,61.700000000000486
8079,1,6.399999999999993
8081,47,218.09999999999363
8082,32,148.79999999999671
8083,25,118.79999999999801
8084,1,6.299999999999994
8085,16,75.39999999999996
8086,21,101.39999999999877
8087,2,10.89999999999998
8088,15,73.7
8089,7,37.00000000000022
8090,11,55.30000000000042
8091,3,15.699999999999974
8092,13,61.40000000000048
8093,1,6.199999999999994
8094,11,52.00000000000038
8095,7,36.10000000000021
8096,27,129.09999999999755
8097,1,9.499999999999982
8098,102,470.5000000000303
8099,16,74.89999999999999
8101,6,32.60000000000017
8102,2,10.599999999999982
8103,23,107.59999999999853
8104,96,446.6000000000262
8105,10,50.60000000000037
8106,16,75.29999999999997
8107,9,42.800000000000274
8108,9,45.20000000000031
8109,10,49.90000000000036
8110,27,127.99999999999761
8111,70,323.3000000000041
8112,11,52.20000000000038
8113,23,110.29999999999838
8114,47,219.99999999999352
8115,20,96.399999999999
8116,50,231.59999999999303
8117,27,128.2999999999976
8118,12,57.00000000000043
8119,95,438.60000000002464
8120,120,555.9000000000456
8121,39,181.19999999999527
8122,11,52.40000000000038
8123,11,55.400000000000425
8124,44,203.69999999999428
8125,25,116.79999999999812
8126,29,134.99999999999733
8127,40,188.19999999999493
8128,23,107.39999999999854
8129,24,114.2999999999982
8130,4,22.200000000000053
8131,59,275.2999999999957
8132,3,17.700000000000003
8133,54,250.0999999999922
8134,13,63.50000000000047
8135,138,639.8000000000605
8136,176,811.4000000000909
8137,23,107.29999999999855
8138,175,806.9000000000901
8139,51,236.39999999999281
8140,225,1036.9000000001186
8141,18,84.79999999999954
8142,25,119.79999999999795
8143,12,56.90000000000043
8144,359,1653.09999999968
8145,290,1335.499999999906
8146,26,121.29999999999792
8147,19,88.99999999999936
8148,134,618.2000000000565
8149,527,2425.89999999913
8150,589,2713.1999999989253
8151,204,941.8000000001142
8152,2,11.29999999999998
8153,6,29.60000000000013
8154,4,22.900000000000063
8156,16,78.2999999999998
8157,13,61.40000000000048
8158,6,32.40000000000017
8159,73,337.50000000000665
8160,169,779.3000000000852
8161,21,98.29999999999895
8162,46,216.59999999999366
8163,230,1059.5000000001025
8164,97,448.3000000000264
8165,115,532.7000000000414
8166,261,1202.8000000000004
8167,5,24.900000000000077
8168,689,3174.299999998597
8169,509,2345.0999999991873
8170,150,692.0000000000697
8171,147,678.4000000000673
8172,39,183.09999999999516
8173,151,698.4000000000709
8174,227,1048.0000000001103
8175,339,1561.2999999997453
8176,143,659.7000000000639
8177,8,38.70000000000023
8178,5,24.600000000000072
8179,5,24.600000000000072
8180,150,691.6000000000696
8181,31,146.3999999999968
8182,243,1121.600000000058
8183,304,1400.3999999998598
8184,11,54.40000000000041
8185,22,103.09999999999873
8186,45,210.69999999999393
8187,390,1798.7999999995757
8188,23,109.49999999999842
8189,461,2124.2999999993444
8190,145,670.700000000066
8191,393,1811.4999999995669
8192,43,201.79999999999433
8193,25,119.39999999999797
8194,49,227.4999999999932
8195,34,160.29999999999617
8196,301,1386.4999999998697
8197,6,29.300000000000125
8198,99,457.400000000028
8199,110,510.90000000003766
8200,97,448.3000000000264
8201,285,1312.7999999999222
8202,293,1349.7999999998958
8203,330,1521.799999999773
8204,168,776.6000000000848
8205,239,1101.100000000073
8206,467,2152.4999999993242
8207,116,538.3000000000425
8208,107,496.6000000000351
8209,590,2715.599999998924
8210,44,204.29999999999424
8211,8,38.50000000000023
8212,1,9.199999999999983
8214,19,89.09999999999935
8215,351,1616.499999999706
8216,3,15.799999999999976
8217,7,34.10000000000018
8218,1087,5001.9000000005235
8219,353,1627.5999999996977
8220,116,535.3000000000418
8221,680,3129.2999999986296
8222,236,1086.900000000083
8223,343,1579.799999999732
8224,1,8.799999999999985
8225,16,78.1999999999998
8226,88,406.20000000001886
8227,502,2310.4999999992124
8228,1,9.499999999999982
8229,165,762.7000000000824
8230,347,1599.9999999997174
8231,211,974.40000000012
8232,90,419.0000000000213
8233,12,59.00000000000046
8234,29,137.0999999999972
8235,4,22.300000000000054
8236,2,10.499999999999982
8237,9,45.10000000000031
8238,4,23.300000000000068
8239,224,1034.9000000001195
8240,1,6.399999999999993
8241,16,78.1999999999998
8242,100,461.8000000000288
8243,113,523.8000000000399
8244,1,6.499999999999993
8245,60,277.79999999999603
8246,1,6.399999999999993
8247,9,45.40000000000031
8248,2,13.299999999999972
8249,9,42.900000000000276
8250,22,102.99999999999874
8251,7,33.900000000000176
8252,33,153.4999999999965
8253,3,15.499999999999972
8254,54,252.29999999999208
8255,1,8.399999999999986
8256,11,54.700000000000415
8257,3,18.600000000000016
8258,19,92.19999999999918
8259,35,164.69999999999598
8260,69,319.00000000000335
8261,11,55.00000000000042
8262,169,779.0000000000852
8263,115,532.8000000000415
8264,108,500.6000000000358
8265,429,1978.199999999448
8266,140,646.1000000000615
8267,1363,6271.700000004139
8268,81,374.2000000000132
8269,94,437.30000000002457
8270,494,2276.299999999236
8271,332,1529.0999999997682
8272,431,1986.2999999994424
8273,403,1855.399999999536
8274,437,2014.5999999994222
8275,22,105.2999999999986
8276,119,549.1000000000442
8277,119,552.300000000045
8278,25,116.49999999999814
8279,736,3390.599999998443
8280,19,89.49999999999933
8281,9,46.300000000000324
8282,22,104.99999999999862
8283,24,112.39999999999831
8284,89,414.10000000002043
8285,25,116.89999999999812
8286,1654,7613.00000000796
8287,302,1394.1999999998636
8288,111,514.3000000000382
8289,216,997.7000000001242
8290,50,233.8999999999929
8291,52,243.0999999999925
8292,31,146.2999999999968
8293,29,137.79999999999717
8294,48,224.7999999999933
8295,62,289.19999999999817
8296,38,178.79999999999535
8297,54,250.49999999999218
8298,60,277.2999999999959
8299,82,378.700000000014
8300,34,160.49999999999616
8301,1,8.599999999999985
8302,70,323.7000000000042
8303,28,130.39999999999753
8304,35,162.6999999999961
8305,12,56.80000000000043
8306,19,91.19999999999924
8307,5,27.600000000000115
8308,116,537.5000000000423
8309,133,616.2000000000563
8310,42,194.79999999999467
8311,49,230.29999999999305
8312,3,18.30000000000001
8313,29,134.79999999999734
8314,111,512.8000000000378
8315,685,3153.0999999986125
8316,245,1129.100000000053
8317,218,1004.5000000001253
8318,153,707.5000000000725
